DRO_1P4_1P3_1P2_1P2
[0.974184674930801,5.603759541100076e-05,-0.007180213784601,1.094593007253953e-04,0.062391354291858,2.608480507041793e-05]
66.651772811546720

DRO_1P4_1P3_1P2_2P2
[0.974228489486200,2.328061348614621e-05,-0.007112861737380,4.567140948927161e-05,0.062468976944339,1.077482776001418e-05]
66.683058163589520

DRO_1P4_1P3_1P2_1P3
[0.974168610201828,1.962870187063001e-05,-0.007209031597229,3.889250437396451e-05,0.062358334206080,8.699652674873571e-06]
99.957729216017280

DRO_1P4_1P3_1P3
[0.974360131858991,-2.193070553300093e-04,-0.006929938841289,-4.452796252897948e-04,0.062647319282294,-1.001663390184313e-04]
50.051358482111720

DRO_2P3_1T_1P2
[0.945550514623276,-0.011101441475634,-0.004037494305669,-0.006782778478711,0.110837581649455,0.040340760088862]
27.614611994313280

DRO_2P4(1)_1T_1T
[0.887981852620232,0.105447040058482,1.227493792136258e-04,0.027365033423469,0.212622977458004,3.466389329756062e-04]
23.227318910278914

DRO_2P4(1)_1T_1P2
[0.911469915062047,0.015333541038661,1.073642902821597e-27,-0.001495426915498,0.178592450878577,-4.002318302894694e-28]
45.262600187006360

DRO_2P4(2)_1P3
[0.929475710948603,-1.115443267679939e-06,6.752655321051227e-05,-5.798073592171179e-07,0.146402584071309,-3.851932149668168e-06]
65.751893791507840

DRO_2P4(2)_1P4
[0.914516914222582,-1.641074480235222e-06,-3.340758693813639e-05,-7.111213428870413e-07,0.172970642553459,-4.277129831466965e-05]
90.090758768657480

M2_1T_1T_1P3
[0.970276528820414,-0.023911621594605,0.021417525447883,-0.027655527891034,0.063232154046288,-0.065781026282923]
34.049694123921840

Hg0_3T_2P2_2P2
[0.968739704316033,-0.001724663214944,-0.020579311824623,-0.001649975199017,0.073118711680209,0.006381141409511]
51.771703985678705

Hg0_3T_2P2_2P3
[0.968610763845143,-0.001058348562058,-0.020540190183351,-8.555690772044326e-04,0.073360041480459,0.005729480255220]
77.781253551473140

Hg0_3T_4P3
[0.968464099753349,-0.001243823249743,-0.020539080026421,-0.001432499181522,0.073797599416380,-0.001020002170258]
39.039598814900394

Hg0_3T_4P4
[0.968546879851808,-0.001512089904082,-0.020545976788830,-0.001725471853845,0.073754495853768,-4.442228991343238e-04]
52.066196979031620

DRO_1P4_1P3_1P4
[0.974371184343875,-0.000257001321437873,-0.00677034928040257,-0.000524589067525372,0.0627772913720704,-0.000114642532942278]
66.758227831806010

DRO_1P4_1P3_1P2_1P4
[0.974157713626599,-1.252393272665586e-04,-0.007232243927248,-2.439247378644369e-04,0.062330791861210,-5.858827773167348e-05]
1.332558121934791e+02

DRO_1P4_1P3_1P2_2P4
[0.974271194538463,-1.487538497331688e-04,-0.007075650740545,-2.925832262173168e-04,0.062512949672102,-6.907353104001367e-05]
1.334047230848369e+02

DRO_1P3(2)_1T
[0.956432575466898,-0.004801453971405,0.016846339838060,-0.004006819948917,0.100893597634986,0.001820057256468]
27.708915525098003

DRO_1P3(2)_1P2
[0.959288462646401,-0.006055617938739,0.032424183098459,-0.004913624198245,0.094495972254691,0.002993916619526]
56.770555901770590

DRO_1P3(2)_1P3
[0.958205506405307,-0.005384001245237,0.027635608273779,-0.004539597263755,0.096859521525113,0.002375177429932]
84.485004827447180

DRO_1P3(2)_2P3
[0.959868738316849,-0.005427941526387,0.035746146139818,-0.004608665218631,0.093062635821636,0.003185908540170]
85.621147856781520

DRO_1P3(2)_1P4
[0.957700993574986,-0.004982881892677,0.024532264702570,-0.004342884577038,0.098102533341339,0.002023259811049]
1.120864998334444e+02

DRO_1P3(2)_2P4
[0.960095012169803,-0.005988747414195,0.036838863951065,-0.004977277428968,0.092491123339090,0.003526272644377]
1.143675213264374e+02

DRO_1P3(2)_2T
[0.960533260524981,-0.006016653805807,0.038263486498310,-0.004992065860098,0.091626954991778,0.003672917001737]
28.657925129020550

DRO_2P3_1T_1P3
[0.946328664025064,-0.015120568399144,-0.005714565891403,-0.009341192702532,0.109054830909186,0.040794206293562]
41.429378806031990

DRO_2P4(1)_1T_1P4
[0.915485500828424,0.005725353173293,-0.006746638800315,-0.005813265559922,0.171207572201729,-0.005587440130098]
89.967608527327530

DRO_2P4(1)_1T_2P4
[0.915048582086090,0.001755991689311,0,-0.006737761404797,0.172147580143079,0]
90.092040866016650

DRO_2P4(1)_1T_2P3
[0.912976039561483,0.017222600782267,4.222230614807593e-25,-6.491240911374378e-04,0.175730465194120,-3.253219490187128e-26]
67.754814800260750

DRO_2P4(1)_1P3
[0.929474686301325,-6.570361238026777e-07,2.490181496063097e-07,-3.417547151335295e-07,0.146403879555002,-5.114506842898221e-04]
65.751887171358320

DRO_2P4(1)_1P4
[0.914519178522674,1.317997558600190e-04,-0.001298646796348,2.386697847376538e-05,0.172958139554788,-0.001662228134854]
90.087502549411680

DRO_2P4(1)_2T_1T
[0.929984422847984,-0.043833171446544,-0.008344057774701,-0.019332511143283,0.137072485708921,0.025994868968541]
20.135290830476325

DRO_2P4(1)_2T_2T
[0.928334002071949,-0.026061467386325,-0.005215818146949,-0.011703110891598,0.142014620903240,0.027638241208365]
20.209349579252010

DRO_2P4(1)_2T_3T
[0.914729791742479,-0.030690345872694,-0.007029597945221,-0.013328149739469,0.168405015338842,0.026618334737019]
21.976503001450850

DRO_2P4(1)_2T_1P2
[0.927476312239355,-0.027179784371930,-0.005064235477615,-0.012021877106002,0.143494172809571,0.026370499851889]
40.142906640220060

DRO_2P4(1)_2T_2P2
[0.927789012731146,-0.026490647737155,-0.004975035959832,-0.011745305665560,0.142969823740567,0.026816403758984]
40.201034637636310

DRO_2P4(1)_2T_3P2
[0.910117759723267,-0.030173520126929,-0.004465064103368,-0.011259699297534,0.177558113821711,0.026211258377328]
44.510460191140840

DRO_2P4(1)_2T_1P3
[0.911006619480263,-0.029696383792013,-0.004528183691148,-0.011208470847779,0.175827387650464,0.026438302100790]
66.598360405162130

DRO_2P4(1)_2T_1P4
[0.912096607240877,-0.029890253640894,-0.004601123724743,-0.011345533905750,0.173654304672394,0.026668204418745]
88.517513123360530

DRO_2P4(2)_1P3
[1.059521281580274,4.275205599740377e-06,6.463875984798921e-04,-7.817567962389042e-06,-0.127783007049197,9.300391090057891e-04]
65.757218572187110

DRO_2P4(2)_1P4
[1.064058109502266,3.385548115439602e-05,1.954941350578662e-04,2.446843196199767e-05,-0.137697690790609,1.872890239596269e-04]
90.129832635395260

DRO_2P4(2)_1T_1P2
[1.041743021166504,-0.015247423362043,0.006275798588518,-0.016283353133533,-0.098591489305542,0.040945933289189]
41.048160497991410

DRO_2P4(2)_1T_2P2
[1.042919545821966,-0.020292540669404,0.006925368886193,-0.020688678057351,-0.100920780629675,0.035041313648110]
41.597188269507260

DRO_2P4(2)_1T_3P2
[1.054391655652799,-0.030137223015883,0.005738703520234,-0.024768959445872,-0.121544818910545,0.024709240390278]
44.251090269663570

DRO_2P4(2)_1T_1P3
[1.042065674517998,-0.014397866287231,0.005790881284792,-0.015377806370476,-0.099387246022731,0.040253735131285]
61.651056060520496

DRO_2P4(2)_1T_2P3
[1.043240411959407,-0.021133279303954,0.007007518103671,-0.021409152319835,-0.101493756048440,0.034148906937344]
62.586494292989330

DRO_2P4(2)_1T_3P3
[1.052558751889509,-0.028768394853496,0.006173064982449,-0.024945256214300,-0.118206266492229,0.025535885001983]
65.922790433540710

DRO_2P4(2)_1T_3P4
[1.023756026885298,5.586066188593606e-04,-0.022719749816818,0.007466997499528,0.001834524527424,0.011394545637841]
79.103253562610990

R5:6_1P2_1T
[1.028489471379795,-0.001592454156199,-0.039916888192710,-0.001228382668657,-0.058391273792329,0.001519055479586]
83.345617930770100

R5:6_1P2_2T_2P2
[1.026680616788184,-0.002499443390028,-0.021612345774718,0.012002060616715,-0.009147329066672,0.022431297794007]
1.586663678519343e+02

R5:6_1T_1P2
[1.028489471379795,-0.001592454156199,-0.039916888192710,-0.001228382668657,-0.058391273792329,0.001519055479586]
83.345617930770100

R5:6_1T_2P2
[1.031071126391317,0.004647727364714,-0.037491315712554,0.003540591876742,-0.062466805391255,-0.003883873826574]
83.771681534878540
